[1] NaN
 [1]  57  56  55  54  53  52  51  50  49  48  47  46  45  44
[15]  43  42  41  40  39  38  37  36  35  34  33  32  31  30
[29]  29  28  27  26  25  24  23  22  21  20  19  18  17  16
[43]  15  14  13  12  11  10   9   8   7   6   5   4   3   2
[57]   1   0  -1  -2  -3  -4  -5  -6  -7  -8  -9 -10 -11
 [1] -11  -9  -7  -5  -3  -1   1   3   5   7   9  11  13  15
[15]  17  19  21  23  25  27  29  31  33  35  37  39  41  43
[29]  45  47  49  51  53  55  57
  [1] 0 1 0 1 0 1 0 1 0 1 0 1 0 1 0 1 0 1 0 1 0 1 0 1 0 1 0 1 0
 [30] 1 0 1 0 1 0 1 0 1 0 1 0 1 0 1 0 1 0 1 0 1 0 1 0 1 0 1 0 1
 [59] 0 1 0 1 0 1 0 1 0 1 0 1 0 1 0 1 0 1 0 1 0 1 0 1 0 1 0 1 0
 [88] 1 0 1 0 1 0 1 0 1 0 1 0 1 0 1 0 1 0 1 0 1 0 1 0 1 0 1 0 1
[117] 0 1 0 1 0 1 0 1 0 1 0 1 0 1 0 1 0 1 0 1 0 1 0 1 0 1 0 1 0
[146] 1 0 1 0 1 0 1 0 1 0 1 0 1 0 1 0 1 0 1 0 1 0 1 0 1 0 1 0 1
[175] 0 1 0 1 0 1 0 1 0 1 0 1 0 1 0 1 0 1 0 1 0 1 0 1 0 1
[1] 8.666667
[1]  5.3  6.6  7.2  9.4 10.8 12.7
 [1]  0.043120524  0.463792927  0.268055303 -0.529609837
 [5]  0.081090000  0.768850241 -0.541211712 -0.679751735
 [9]  0.271879226 -0.849059825  0.962945119  0.916418526
[13]  0.106215050 -0.255189049 -0.668036288 -0.701800944
[17] -0.479618909  0.145050087  0.647136761  0.291627808
[21]  0.148951322 -0.973624523 -0.724544073  0.556655863
[25]  0.894368528 -0.059799453  0.078532073 -0.344700996
[29] -0.995769373 -0.339961760  0.836952160 -0.305387819
[33] -0.606480369 -0.677115189 -0.515225528  0.678069276
[37] -0.835481481  0.906233597  0.962566271 -0.004439546
[41] -0.859893260 -0.984122618  0.784492963 -0.527441638
[45]  0.385300379  0.336816681 -0.068687398  0.031920415
[49] -0.103234265 -0.168786630
 [1] 0.04312052 0.46379293 0.26805530 0.08109000 0.76885024
 [6] 0.27187923 0.96294512 0.91641853 0.10621505 0.14505009
[11] 0.64713676 0.29162781 0.14895132 0.55665586 0.89436853
[16] 0.07853207 0.83695216 0.67806928 0.90623360 0.96256627
[21] 0.78449296 0.38530038 0.33681668 0.03192041
 [1] FALSE FALSE FALSE  TRUE FALSE FALSE  TRUE  TRUE FALSE
[10]  TRUE FALSE FALSE FALSE  TRUE  TRUE  TRUE  TRUE FALSE
[19] FALSE FALSE FALSE  TRUE  TRUE FALSE FALSE  TRUE FALSE
[28]  TRUE  TRUE  TRUE FALSE  TRUE  TRUE  TRUE  TRUE FALSE
[37]  TRUE FALSE FALSE  TRUE  TRUE  TRUE FALSE  TRUE FALSE
[46] FALSE  TRUE FALSE  TRUE  TRUE
             [,1]       [,2]        [,3]         [,4]
 [1,]  0.04312052  0.9629451  0.14895132  0.836952160
 [2,]  0.46379293  0.9164185 -0.97362452 -0.305387819
 [3,]  0.26805530  0.1062150 -0.72454407 -0.606480369
 [4,] -0.52960984 -0.2551890  0.55665586 -0.677115189
 [5,]  0.08109000 -0.6680363  0.89436853 -0.515225528
 [6,]  0.76885024 -0.7018009 -0.05979945  0.678069276
 [7,] -0.54121171 -0.4796189  0.07853207 -0.835481481
 [8,] -0.67975174  0.1450501 -0.34470100  0.906233597
 [9,]  0.27187923  0.6471368 -0.99576937  0.962566271
[10,] -0.84905983  0.2916278 -0.33996176 -0.004439546
             [,5] [,6] [,7] [,8] [,9] [,10] [,11] [,12] [,13]
 [1,] -0.85989326    0    0    0    0     0     0     0     0
 [2,] -0.98412262    1    1    1    1     1     1     1     1
 [3,]  0.78449296    0    0    0    0     0     0     0     0
 [4,] -0.52744164    1    1    1    1     1     1     1     1
 [5,]  0.38530038    0    0    0    0     0     0     0     0
 [6,]  0.33681668    1    1    1    1     1     1     1     1
 [7,] -0.06868740    0    0    0    0     0     0     0     0
 [8,]  0.03192041    1    1    1    1     1     1     1     1
 [9,] -0.10323426    0    0    0    0     0     0     0     0
[10,] -0.16878663    1    1    1    1     1     1     1     1
      [,14] [,15] [,16] [,17] [,18] [,19] [,20] [,21] [,22]
 [1,]     0     0     0     0     0     0     0     0     0
 [2,]     1     1     1     1     1     1     1     1     1
 [3,]     0     0     0     0     0     0     0     0     0
 [4,]     1     1     1     1     1     1     1     1     1
 [5,]     0     0     0     0     0     0     0     0     0
 [6,]     1     1     1     1     1     1     1     1     1
 [7,]     0     0     0     0     0     0     0     0     0
 [8,]     1     1     1     1     1     1     1     1     1
 [9,]     0     0     0     0     0     0     0     0     0
[10,]     1     1     1     1     1     1     1     1     1
      [,23] [,24] [,25]       [,26]      [,27]       [,28]
 [1,]     0     0     0  0.04312052  0.9629451  0.14895132
 [2,]     1     1     1  0.46379293  0.9164185 -0.97362452
 [3,]     0     0     0  0.26805530  0.1062150 -0.72454407
 [4,]     1     1     1 -0.52960984 -0.2551890  0.55665586
 [5,]     0     0     0  0.08109000 -0.6680363  0.89436853
 [6,]     1     1     1  0.76885024 -0.7018009 -0.05979945
 [7,]     0     0     0 -0.54121171 -0.4796189  0.07853207
 [8,]     1     1     1 -0.67975174  0.1450501 -0.34470100
 [9,]     0     0     0  0.27187923  0.6471368 -0.99576937
[10,]     1     1     1 -0.84905983  0.2916278 -0.33996176
             [,29]       [,30] [,31] [,32] [,33] [,34] [,35]
 [1,]  0.836952160 -0.85989326     0     0     0     0     0
 [2,] -0.305387819 -0.98412262     1     1     1     1     1
 [3,] -0.606480369  0.78449296     0     0     0     0     0
 [4,] -0.677115189 -0.52744164     1     1     1     1     1
 [5,] -0.515225528  0.38530038     0     0     0     0     0
 [6,]  0.678069276  0.33681668     1     1     1     1     1
 [7,] -0.835481481 -0.06868740     0     0     0     0     0
 [8,]  0.906233597  0.03192041     1     1     1     1     1
 [9,]  0.962566271 -0.10323426     0     0     0     0     0
[10,] -0.004439546 -0.16878663     1     1     1     1     1
      [,36] [,37] [,38] [,39] [,40] [,41] [,42] [,43] [,44]
 [1,]     0     0     0     0     0     0     0     0     0
 [2,]     1     1     1     1     1     1     1     1     1
 [3,]     0     0     0     0     0     0     0     0     0
 [4,]     1     1     1     1     1     1     1     1     1
 [5,]     0     0     0     0     0     0     0     0     0
 [6,]     1     1     1     1     1     1     1     1     1
 [7,]     0     0     0     0     0     0     0     0     0
 [8,]     1     1     1     1     1     1     1     1     1
 [9,]     0     0     0     0     0     0     0     0     0
[10,]     1     1     1     1     1     1     1     1     1
      [,45] [,46] [,47] [,48] [,49] [,50]
 [1,]     0     0     0     0     0     0
 [2,]     1     1     1     1     1     1
 [3,]     0     0     0     0     0     0
 [4,]     1     1     1     1     1     1
 [5,]     0     0     0     0     0     0
 [6,]     1     1     1     1     1     1
 [7,]     0     0     0     0     0     0
 [8,]     1     1     1     1     1     1
 [9,]     0     0     0     0     0     0
[10,]     1     1     1     1     1     1
 [1]  2  3  5  6  7  8 10 11 12 13 14 15 17 18 19 20 21 22 23
[20] 24 26 27 28 29 30 31 32 33 34 35 37 38 39 40 41 42 43 44
[39] 45 46 47 48 50 51 52 53 54 55 56 57 58 59 60 61 62 63 65
[58] 66 67 68 69 70 71 72 73 74 75 76 77 78 79 80 82 83 84 85
[77] 86 87 88 89 90 91 92 93 94 95 96 97 98 99
