[1] 5
[1] 5
[1] 2 3
[1] 5
 [1]  5  6  7  8  9 10 11 12 13 14 15 16 17 18 19 20 21 22 23
[20] 24 25 26 27 28 29 30 31 32 33 34 35 36 37 38 39 40
[1] 36
[1] 14
 [1]  5  6  7  8  9 10 11 12 13 15 16 17 18 19 20 21 22 23 24
[20] 25 26 27 28 29 30 31 32 33 34 35 36 37 38 39 40
[1] NA
[1]  8  9 10 11 12 13 14 15
[1]  6  8 10 12 14 16 18 20
[1]  4  6  8 10 12 14 16 18
[1] 2 2 2 2 2 2 2 2
[1] -2 -2 -2 -2 -2 -2 -2 -2
[1]  3  8 15 24 35 48 63 80
[1] 0.3333333 0.5000000 0.6000000 0.6666667 0.7142857 0.7500000
[7] 0.7777778 0.8000000
[1] 3.000000 2.000000 1.666667 1.500000 1.400000 1.333333
[7] 1.285714 1.250000
[1]  1  4  9 16 25 36 49 64
[1]   9  16  25  36  49  64  81 100
 [1]  3  4  5  6  7  8  9 10  1  2  3  4  5  6  7  8
 [1]  1  2  3  4  5  6  7  8  3  4  5  6  7  8  9 10
  [,1] [,2] [,3] [,4] [,5] [,6] [,7] [,8]
w    1    2    3    4    5    6    7    8
z    3    4    5    6    7    8    9   10
  [,1] [,2] [,3] [,4] [,5] [,6] [,7] [,8]
z    3    4    5    6    7    8    9   10
w    1    2    3    4    5    6    7    8
     w  z
[1,] 1  3
[2,] 2  4
[3,] 3  5
[4,] 4  6
[5,] 5  7
[6,] 6  8
[7,] 7  9
[8,] 8 10
      z w
[1,]  3 1
[2,]  4 2
[3,]  5 3
[4,]  6 4
[5,]  7 5
[6,]  8 6
[7,]  9 7
[8,] 10 8
z 
8 
w 
6 
z 
8 
w 
6 
     [,1] [,2] [,3] [,4] [,5] [,6] [,7] [,8]
[1,]    1    3    5    7    3    5    7    9
[2,]    2    4    6    8    4    6    8   10
     [,1] [,2]
[1,]    3    1
[2,]    4    2
[3,]    5    3
[4,]    6    4
[5,]    7    5
[6,]    8    6
[7,]    9    7
[8,]   10    8
     [,1] [,2]
[1,]    3    1
[2,]    4    2
[3,]    5    3
[4,]    6    4
[5,]    7    5
[6,]    8    6
[7,]    9    7
[8,]   10    8
     [,1] [,2]
[1,]    3    1
[2,]    4    2
[3,]    5    3
[4,]    6    4
[5,]    7    5
[6,]    8    6
[7,]    9    7
[8,]   10    8
     [,1] [,2]
[1,]    3    1
[2,]    4    2
[3,]    5    3
[4,]    6    4
[5,]    7    5
[6,]    8    6
[7,]    9    7
[8,]   10    8
     [,1] [,2]
[1,]    3    4
[2,]    5    6
[3,]    7    8
[4,]    9   10
[5,]    1    2
[6,]    3    4
[7,]    5    6
[8,]    7    8
     [,1] [,2]
[1,]    3    4
[2,]    5    6
[3,]    7    8
[4,]    9   10
[5,]    1    2
[6,]    3    4
[7,]    5    6
[8,]    7    8
     [,1] [,2]
[1,]    1    2
[2,]    3    4
[3,]    5    6
[4,]    7    8
[5,]    3    4
[6,]    5    6
[7,]    7    8
[8,]    9   10
  w  z
1 1  2
2 3  4
3 5  6
4 7  8
5 3  4
6 5  6
7 7  8
8 9 10
     [,1] [,2] [,3] [,4]
[1,]    1    5    3    7
[2,]    2    6    4    8
[3,]    3    7    5    9
[4,]    4    8    6   10
     [,1] [,2]
[1,]    2    6
[2,]    3    7
[3,]    4    8
[1] NaN
 [1]  57  56  55  54  53  52  51  50  49  48  47  46  45  44
[15]  43  42  41  40  39  38  37  36  35  34  33  32  31  30
[29]  29  28  27  26  25  24  23  22  21  20  19  18  17  16
[43]  15  14  13  12  11  10   9   8   7   6   5   4   3   2
[57]   1   0  -1  -2  -3  -4  -5  -6  -7  -8  -9 -10 -11
